================================================================================
file_name: /data/ruisiwang/Vibration_gitlab_repo/CH3CN/CH3CN_n_12_alp_1000_orb_84_wgt_eq_rnvp_16_mlp_256_2_mcthr_20_stp_200_std_0.2_adamlr_0.001_clp_5_bth_1024_acc_1_nde_1/epoch_020000.pkl

Summarize (1): E
level 000:  E: 9838.919910186976 (0.082695259198) [0 0 0 0 0 0 0 0 0 0 0 0 ] ZPE
level 001:  E: 10199.567014790839 (0.079918312247) [0 0 0 0 0 0 0 0 0 0 1 0 ] v11
level 002:  E: 10199.533746266183 (0.078911858206) [0 0 0 0 0 0 0 0 0 0 0 1 ] v12
level 003:  E: 10562.250486183642 (0.079960486079) [0 0 0 0 0 0 0 0 0 0 2 0 ] 2v11
level 004:  E: 10561.589403496786 (0.078732318321) [0 0 0 0 0 0 0 0 0 0 1 1 ] v11 + v12
level 005:  E: 10562.170979364866 (0.079183835443) [0 0 0 0 0 0 0 0 0 0 0 2 ] 2v12
level 006:  E: 10738.108988822521 (0.095903362698) [0 0 0 1 0 0 0 0 0 0 0 0 ] v4
level 007:  E: 10873.445461043979 (0.088956436956) [0 0 0 0 0 0 0 0 1 0 0 0 ] v9
level 008:  E: 10873.426279852429 (0.091352534956) [0 0 0 0 0 0 0 0 0 1 0 0 ] v10
level 009:  E: 10926.664292624782 (0.081667536423) [0 0 0 0 0 0 0 0 0 0 3 0 ] 3v11
level 010:  E: 10925.490735352270 (0.079537996274) [0 0 0 0 0 0 0 0 0 0 2 1 ] 2v11 + v12
level 011:  E: 10925.406161195166 (0.078403457782) [0 0 0 0 0 0 0 0 0 0 1 2 ] v11 + 2v12
level 012:  E: 10926.702273640305 (0.079532612756) [0 0 0 0 0 0 0 0 0 0 0 3 ] 3v12
level 013:  E: 11097.255282692338 (0.100024159177) [0 0 0 1 0 0 0 0 0 0 1 0 ] v4 + v11
level 014:  E: 11097.110637673268 (0.101461383981) [0 0 0 1 0 0 0 0 0 0 0 1 ] v4 + v12
level 015:  E: 11234.777237529923 (0.109863459117) [0 0 1 0 0 0 0 0 0 0 0 0 ] v3
level 016:  E: 11233.490355146188 (0.092543409580) [0 0 0 0 0 0 0 0 1 0 1 0 ] v9 + v11
level 017:  E: 11234.339545755340 (0.092786569513) [0 0 0 0 0 0 0 0 0 1 1 0 ] v10 + v11
level 018:  E: 11233.948717514573 (0.090283836754) [0 0 0 0 0 0 0 0 1 0 0 1 ] v9 + v12
level 019:  E: 11233.644310747984 (0.093263441662) [0 0 0 0 0 0 0 0 0 1 0 1 ] v10 + v12
level 020:  E: 11292.972916446090 (0.085534859438) [0 0 0 0 0 0 0 0 0 0 4 0 ] 4v11
level 021:  E: 11291.085724420498 (0.081263620616) [0 0 0 0 0 0 0 0 0 0 3 1 ] 3v11 + v12
level 022:  E: 11290.408775226564 (0.080151796170) [0 0 0 0 0 0 0 0 0 0 2 2 ] 2v11 + 2v12
level 023:  E: 11290.990846122686 (0.079768519487) [0 0 0 0 0 0 0 0 0 0 1 3 ] v11 + 3v12
level 024:  E: 11292.704697223613 (0.081877444040) [0 0 0 0 0 0 0 0 0 0 0 4 ] 4v12
level 025:  E: 11324.409269180069 (0.114094602735) [0 0 0 0 0 0 1 0 0 0 0 0 ] v7
level 026:  E: 11324.836840748558 (0.116877927017) [0 0 0 0 0 0 0 1 0 0 0 0 ] v8
level 027:  E: 11458.072030544899 (0.106122993643) [0 0 0 1 0 0 0 0 0 0 2 0 ] v4 + 2v11
level 028:  E: 11457.309690965651 (0.104475952868) [0 0 0 1 0 0 0 0 0 0 1 1 ] v4 + v11 + v12
level 029:  E: 11458.103093774534 (0.106167298114) [0 0 0 1 0 0 0 0 0 0 0 2 ] v4 + 2v12
level 030:  E: 11595.713474862658 (0.110061751126) [0 0 1 0 0 0 0 0 0 0 1 0 ] v3 + v11
level 031:  E: 11595.583661788640 (0.109492708568) [0 0 1 0 0 0 0 0 0 0 0 1 ] v3 + v12
level 032:  E: 11595.642865826623 (0.096843572220) [0 0 0 0 0 0 0 0 1 0 2 0 ] v9 + 2v11
level 033:  E: 11596.402619807086 (0.095878348631) [0 0 0 0 0 0 0 0 0 1 2 0 ] v10 + 2v11
level 034:  E: 11595.488871193211 (0.094719883502) [0 0 0 0 0 0 0 0 1 0 1 1 ] v9 + v11 + v12
level 035:  E: 11595.396361868554 (0.095332830394) [0 0 0 0 0 0 0 0 0 1 1 1 ] v10 + v11 + v12
level 036:  E: 11596.334804989461 (0.092114992911) [0 0 0 0 0 0 0 0 1 0 0 2 ] v9 + 2v12
level 037:  E: 11595.459854166429 (0.097446194133) [0 0 0 0 0 0 0 0 0 1 0 2 ] v10 + 2v12
level 038:  E: 11660.984362965386 (0.090522028783) [0 0 0 0 0 0 0 0 0 0 5 0 ] 5v11
level 039:  E: 11658.512826541453 (0.085807687993) [0 0 0 0 0 0 0 0 0 0 4 1 ] 4v11 + v12
level 040:  E: 11657.558312563297 (0.083223280954) [0 0 0 0 0 0 0 0 0 0 3 2 ] 3v11 + 2v12
level 041:  E: 11657.443356857762 (0.082399928246) [0 0 0 0 0 0 0 0 0 0 2 3 ] 2v11 + 3v12
level 042:  E: 11658.439550699761 (0.084101504246) [0 0 0 0 0 0 0 0 0 0 1 4 ] v11 + 4v12
level 043:  E: 11660.982138192054 (0.086078434021) [0 0 0 0 0 0 0 0 0 0 0 5 ] 5v12
level 044:  E: 11632.166079677252 (0.173433586400) [0 0 0 2 0 0 0 0 0 0 0 0 ] 2v4
level 045:  E: 11685.298806654519 (0.114347049661) [0 0 0 0 0 0 1 0 0 0 1 0 ] v7 + v11
level 046:  E: 11685.562287307715 (0.116305815875) [0 0 0 0 0 0 0 1 0 0 1 0 ] v8 + v11
level 047:  E: 11685.070539584771 (0.114346701903) [0 0 0 0 0 0 1 0 0 0 0 1 ] v7 + v12
level 048:  E: 11685.850262220727 (0.116192465593) [0 0 0 0 0 0 0 1 0 0 0 1 ] v8 + v12
level 049:  E: 11772.017089940849 (0.117170594154) [0 0 0 1 0 0 0 0 1 0 0 0 ] v4 + v9
level 050:  E: 11772.092022653711 (0.117866656311) [0 0 0 1 0 0 0 0 0 1 0 0 ] v4 + v10
level 051:  E: 11820.593016758337 (0.114029619769) [0 0 0 1 0 0 0 0 0 0 3 0 ] v4 + 3v11
level 052:  E: 11819.564646760720 (0.110906520576) [0 0 0 1 0 0 0 0 0 0 2 1 ] v4 + 2v11 + v12
level 053:  E: 11819.834756792179 (0.112071253603) [0 0 0 1 0 0 0 0 0 0 1 2 ] v4 + v11 + 2v12
level 054:  E: 11820.990592910637 (0.116582870952) [0 0 0 1 0 0 0 0 0 0 0 3 ] v4 + 3v12
level 055:  E: 11902.837058502926 (0.121711491882) [0 0 0 0 0 0 0 0 2 0 0 0 ] 2v9
level 056:  E: 11904.711114636244 (0.113770081971) [0 0 0 0 0 0 0 0 1 1 0 0 ] v9 + v10
level 057:  E: 11902.907987450288 (0.127293063881) [0 0 0 0 0 0 0 0 0 2 0 0 ] 2v10
level 058:  E: 11958.339046544232 (0.110650438779) [0 0 1 0 0 0 0 0 0 0 2 0 ] v3 + 2v11
level 059:  E: 11957.726620476926 (0.109674875377) [0 0 1 0 0 0 0 0 0 0 1 1 ] v3 + v11 + v12
level 060:  E: 11958.303683503933 (0.109701653774) [0 0 1 0 0 0 0 0 0 0 0 2 ] v3 + 2v12
level 061:  E: 11959.346201260694 (0.101905531671) [0 0 0 0 0 0 0 0 1 0 3 0 ] v9 + 3v11
level 062:  E: 11960.788413399368 (0.099815958676) [0 0 0 0 0 0 0 0 0 1 3 0 ] v10 + 3v11
level 063:  E: 11958.646600855225 (0.099040930592) [0 0 0 0 0 0 0 0 1 0 2 1 ] v9 + 2v11 + v12
level 064:  E: 11959.335469339625 (0.098649268490) [0 0 0 0 0 0 0 0 0 1 2 1 ] v10 + 2v11 + v12
level 065:  E: 11959.052714361618 (0.096203491815) [0 0 0 0 0 0 0 0 1 0 1 2 ] v9 + v11 + 2v12
level 066:  E: 11958.938542527305 (0.099341581009) [0 0 0 0 0 0 0 0 0 1 1 2 ] v10 + v11 + 2v12
level 067:  E: 11960.741792241439 (0.097107162865) [0 0 0 0 0 0 0 0 1 0 0 3 ] v9 + 3v12
level 068:  E: 11959.559125746964 (0.102317686873) [0 0 0 0 0 0 0 0 0 1 0 3 ] v10 + 3v12
level 069:  E: 12031.077888327869 (0.098892159184) [0 0 0 0 0 0 0 0 0 0 6 0 ] 6v11
level 070:  E: 12027.933795069761 (0.092135126532) [0 0 0 0 0 0 0 0 0 0 5 1 ] 5v11 + v12
level 071:  E: 12026.256545838678 (0.089335569155) [0 0 0 0 0 0 0 0 0 0 4 2 ] 4v11 + 2v12
level 072:  E: 12025.591090397393 (0.087029297314) [0 0 0 0 0 0 0 0 0 0 3 3 ] 3v11 + 3v12
level 073:  E: 12026.189326748201 (0.087156621533) [0 0 0 0 0 0 0 0 0 0 2 4 ] 2v11 + 4v12
level 074:  E: 12027.947080731012 (0.091182683887) [0 0 0 0 0 0 0 0 0 0 1 5 ] v11 + 5v12
level 075:  E: 12030.549810048387 (0.093569563399) [0 0 0 0 0 0 0 0 0 0 0 6 ] 6v12
level 076:  E: 11989.488605579172 (0.184356727012) [0 0 0 2 0 0 0 0 0 0 1 0 ] 2v4 + v11
level 077:  E: 11989.666064565139 (0.185498724523) [0 0 0 2 0 0 0 0 0 0 0 1 ] 2v4 + v12
level 078:  E: 12048.400153710974 (0.115783168466) [0 0 0 0 0 0 1 0 0 0 2 0 ] v7 + 2v11
level 079:  E: 12048.077763757901 (0.116348544906) [0 0 0 0 0 0 0 1 0 0 2 0 ] v8 + 2v11
level 080:  E: 12047.286949695461 (0.113080285167) [0 0 0 0 0 0 1 0 0 0 1 1 ] v7 + v11 + v12
level 081:  E: 12047.659431558142 (0.115143457816) [0 0 0 0 0 0 0 1 0 0 1 1 ] v8 + v11 + v12
level 082:  E: 12047.524041327797 (0.114430811023) [0 0 0 0 0 0 1 0 0 0 0 2 ] v7 + 2v12
level 083:  E: 12048.459963775444 (0.116501547687) [0 0 0 0 0 0 0 1 0 0 0 2 ] v8 + 2v12

