================================================================================
file_name: /data/ruisiwang/Vibration_gitlab_repo/CH3CN/CH3CN_n_12_alp_1000_orb_84_wgt_eq_rnvp_32_mlp_128_2_mcthr_20_stp_200_std_0.2_adamlr_0.001_clp_5_bth_1024_acc_1_nde_1/epoch_020000.pkl

Summarize (1): E
level 000:  E: 9838.932404141513 (0.080671177973) [0 0 0 0 0 0 0 0 0 0 0 0 ] ZPE
level 001:  E: 10199.687243802984 (0.079508506626) [0 0 0 0 0 0 0 0 0 0 1 0 ] v11
level 002:  E: 10199.463879334575 (0.079508238028) [0 0 0 0 0 0 0 0 0 0 0 1 ] v12
level 003:  E: 10562.216512158846 (0.079869771377) [0 0 0 0 0 0 0 0 0 0 2 0 ] 2v11
level 004:  E: 10561.686214850701 (0.078889583042) [0 0 0 0 0 0 0 0 0 0 1 1 ] v11 + v12
level 005:  E: 10562.178908032898 (0.079635094632) [0 0 0 0 0 0 0 0 0 0 0 2 ] 2v12
level 006:  E: 10738.028418594584 (0.093471086507) [0 0 0 1 0 0 0 0 0 0 0 0 ] v4
level 007:  E: 10873.411323703256 (0.088221607803) [0 0 0 0 0 0 0 0 1 0 0 0 ] v9
level 008:  E: 10873.491566329432 (0.088823824983) [0 0 0 0 0 0 0 0 0 1 0 0 ] v10
level 009:  E: 10926.826326815486 (0.081651691342) [0 0 0 0 0 0 0 0 0 0 3 0 ] 3v11
level 010:  E: 10925.457726417018 (0.079849447823) [0 0 0 0 0 0 0 0 0 0 2 1 ] 2v11 + v12
level 011:  E: 10925.494756036289 (0.079700971337) [0 0 0 0 0 0 0 0 0 0 1 2 ] v11 + 2v12
level 012:  E: 10926.737961718449 (0.080982479053) [0 0 0 0 0 0 0 0 0 0 0 3 ] 3v12
level 013:  E: 11097.206903368677 (0.098372119686) [0 0 0 1 0 0 0 0 0 0 1 0 ] v4 + v11
level 014:  E: 11097.146380844513 (0.098379920097) [0 0 0 1 0 0 0 0 0 0 0 1 ] v4 + v12
level 015:  E: 11235.137101000089 (0.109520515806) [0 0 1 0 0 0 0 0 0 0 0 0 ] v3
level 016:  E: 11233.586118794285 (0.091243847380) [0 0 0 0 0 0 0 0 1 0 1 0 ] v9 + v11
level 017:  E: 11234.303911394119 (0.091059452839) [0 0 0 0 0 0 0 0 0 1 1 0 ] v10 + v11
level 018:  E: 11234.102495637268 (0.090440627379) [0 0 0 0 0 0 0 0 1 0 0 1 ] v9 + v12
level 019:  E: 11233.686411014713 (0.091987116550) [0 0 0 0 0 0 0 0 0 1 0 1 ] v10 + v12
level 020:  E: 11292.936599681383 (0.084397222909) [0 0 0 0 0 0 0 0 0 0 4 0 ] 4v11
level 021:  E: 11291.149685511889 (0.082146176750) [0 0 0 0 0 0 0 0 0 0 3 1 ] 3v11 + v12
level 022:  E: 11290.527080131607 (0.080862630725) [0 0 0 0 0 0 0 0 0 0 2 2 ] 2v11 + 2v12
level 023:  E: 11291.059159990858 (0.081353968671) [0 0 0 0 0 0 0 0 0 0 1 3 ] v11 + 3v12
level 024:  E: 11292.879464870057 (0.083163184914) [0 0 0 0 0 0 0 0 0 0 0 4 ] 4v12
level 025:  E: 11323.842240636166 (0.114957847140) [0 0 0 0 0 0 1 0 0 0 0 0 ] v7
level 026:  E: 11324.872550589644 (0.118818702073) [0 0 0 0 0 0 0 1 0 0 0 0 ] v8
level 027:  E: 11457.972998200003 (0.104415252310) [0 0 0 1 0 0 0 0 0 0 2 0 ] v4 + 2v11
level 028:  E: 11457.756295179075 (0.102591189332) [0 0 0 1 0 0 0 0 0 0 1 1 ] v4 + v11 + v12
level 029:  E: 11458.207714198550 (0.103622205538) [0 0 0 1 0 0 0 0 0 0 0 2 ] v4 + 2v12
level 030:  E: 11596.034560487800 (0.109283143968) [0 0 1 0 0 0 0 0 0 0 1 0 ] v3 + v11
level 031:  E: 11595.906642128188 (0.109057115392) [0 0 1 0 0 0 0 0 0 0 0 1 ] v3 + v12
level 032:  E: 11595.724121568877 (0.095238470538) [0 0 0 0 0 0 0 0 1 0 2 0 ] v9 + 2v11
level 033:  E: 11596.832208745649 (0.093675853630) [0 0 0 0 0 0 0 0 0 1 2 0 ] v10 + 2v11
level 034:  E: 11595.304627812548 (0.094019023526) [0 0 0 0 0 0 0 0 1 0 1 1 ] v9 + v11 + v12
level 035:  E: 11595.384454702275 (0.094134839222) [0 0 0 0 0 0 0 0 0 1 1 1 ] v10 + v11 + v12
level 036:  E: 11596.556116643835 (0.094115041876) [0 0 0 0 0 0 0 0 1 0 0 2 ] v9 + 2v12
level 037:  E: 11595.748407331448 (0.095236561704) [0 0 0 0 0 0 0 0 0 1 0 2 ] v10 + 2v12
level 038:  E: 11660.950474056903 (0.088896303814) [0 0 0 0 0 0 0 0 0 0 5 0 ] 5v11
level 039:  E: 11658.776723528679 (0.085554603804) [0 0 0 0 0 0 0 0 0 0 4 1 ] 4v11 + v12
level 040:  E: 11657.572904230565 (0.084182361551) [0 0 0 0 0 0 0 0 0 0 3 2 ] 3v11 + 2v12
level 041:  E: 11657.466719753107 (0.083572063794) [0 0 0 0 0 0 0 0 0 0 2 3 ] 2v11 + 3v12
level 042:  E: 11658.520625285742 (0.085356267716) [0 0 0 0 0 0 0 0 0 0 1 4 ] v11 + 4v12
level 043:  E: 11661.017966871057 (0.087709567247) [0 0 0 0 0 0 0 0 0 0 0 5 ] 5v12
level 044:  E: 11632.086743784663 (0.171925576096) [0 0 0 2 0 0 0 0 0 0 0 0 ] 2v4
level 045:  E: 11684.631583991682 (0.112071957021) [0 0 0 0 0 0 1 0 0 0 1 0 ] v7 + v11
level 046:  E: 11685.712407436084 (0.118521882197) [0 0 0 0 0 0 0 1 0 0 1 0 ] v8 + v11
level 047:  E: 11684.600010184038 (0.111648075313) [0 0 0 0 0 0 1 0 0 0 0 1 ] v7 + v12
level 048:  E: 11686.033431445718 (0.120128142351) [0 0 0 0 0 0 0 1 0 0 0 1 ] v8 + v12
level 049:  E: 11771.836392721136 (0.115639071159) [0 0 0 1 0 0 0 0 1 0 0 0 ] v4 + v9
level 050:  E: 11772.241238115290 (0.116295878558) [0 0 0 1 0 0 0 0 0 1 0 0 ] v4 + v10
level 051:  E: 11820.985724938095 (0.111743991487) [0 0 0 1 0 0 0 0 0 0 3 0 ] v4 + 3v11
level 052:  E: 11819.580921723627 (0.114642225081) [0 0 0 1 0 0 0 0 0 0 2 1 ] v4 + 2v11 + v12
level 053:  E: 11819.626860889732 (0.108247906155) [0 0 0 1 0 0 0 0 0 0 1 2 ] v4 + v11 + 2v12
level 054:  E: 11821.196008988458 (0.111283105922) [0 0 0 1 0 0 0 0 0 0 0 3 ] v4 + 3v12
level 055:  E: 11902.539047771555 (0.119776949499) [0 0 0 0 0 0 0 0 2 0 0 0 ] 2v9
level 056:  E: 11904.571101241643 (0.113271771899) [0 0 0 0 0 0 0 0 1 1 0 0 ] v9 + v10
level 057:  E: 11902.848066898045 (0.120841501216) [0 0 0 0 0 0 0 0 0 2 0 0 ] 2v10
level 058:  E: 11958.431549382383 (0.110471369573) [0 0 1 0 0 0 0 0 0 0 2 0 ] v3 + 2v11
level 059:  E: 11958.126997569225 (0.109644916235) [0 0 1 0 0 0 0 0 0 0 1 1 ] v3 + v11 + v12
level 060:  E: 11958.537577934541 (0.109790894485) [0 0 1 0 0 0 0 0 0 0 0 2 ] v3 + 2v12
level 061:  E: 11959.649967057965 (0.100360497234) [0 0 0 0 0 0 0 0 1 0 3 0 ] v9 + 3v11
level 062:  E: 11960.866896635598 (0.098080627137) [0 0 0 0 0 0 0 0 0 1 3 0 ] v10 + 3v11
level 063:  E: 11958.629332756249 (0.098547160228) [0 0 0 0 0 0 0 0 1 0 2 1 ] v9 + 2v11 + v12
level 064:  E: 11959.599894942019 (0.098773030705) [0 0 0 0 0 0 0 0 0 1 2 1 ] v10 + 2v11 + v12
level 065:  E: 11959.129124641053 (0.097110330044) [0 0 0 0 0 0 0 0 1 0 1 2 ] v9 + v11 + 2v12
level 066:  E: 11958.860445571278 (0.098964318743) [0 0 0 0 0 0 0 0 0 1 1 2 ] v10 + v11 + 2v12
level 067:  E: 11960.780527156734 (0.097589840994) [0 0 0 0 0 0 0 0 1 0 0 3 ] v9 + 3v12
level 068:  E: 11959.495060454450 (0.100856644129) [0 0 0 0 0 0 0 0 0 1 0 3 ] v10 + 3v12
level 069:  E: 12030.697512087463 (0.094148002154) [0 0 0 0 0 0 0 0 0 0 6 0 ] 6v11
level 070:  E: 12027.766161872762 (0.091352723197) [0 0 0 0 0 0 0 0 0 0 5 1 ] 5v11 + v12
level 071:  E: 12026.169334222910 (0.088068164979) [0 0 0 0 0 0 0 0 0 0 4 2 ] 4v11 + 2v12
level 072:  E: 12025.465004324344 (0.087325499984) [0 0 0 0 0 0 0 0 0 0 3 3 ] 3v11 + 3v12
level 073:  E: 12026.058635210347 (0.088107906390) [0 0 0 0 0 0 0 0 0 0 2 4 ] 2v11 + 4v12
level 074:  E: 12027.742872414989 (0.090537144690) [0 0 0 0 0 0 0 0 0 0 1 5 ] v11 + 5v12
level 075:  E: 12030.479589148181 (0.094237769669) [0 0 0 0 0 0 0 0 0 0 0 6 ] 6v12
level 076:  E: 11989.693160783589 (0.185027731951) [0 0 0 2 0 0 0 0 0 0 1 0 ] 2v4 + v11
level 077:  E: 11989.928302450724 (0.184753078237) [0 0 0 2 0 0 0 0 0 0 0 1 ] 2v4 + v12
level 078:  E: 12047.869561038231 (0.113769004122) [0 0 0 0 0 0 1 0 0 0 2 0 ] v7 + 2v11
level 079:  E: 12048.335482045235 (0.119248202838) [0 0 0 0 0 0 0 1 0 0 2 0 ] v8 + 2v11
level 080:  E: 12046.753468210380 (0.111991792026) [0 0 0 0 0 0 1 0 0 0 1 1 ] v7 + v11 + v12
level 081:  E: 12048.089414336557 (0.118702679481) [0 0 0 0 0 0 0 1 0 0 1 1 ] v8 + v11 + v12
level 082:  E: 12047.273906946450 (0.112243203856) [0 0 0 0 0 0 1 0 0 0 0 2 ] v7 + 2v12
level 083:  E: 12048.673109534206 (0.118971246480) [0 0 0 0 0 0 0 1 0 0 0 2 ] v8 + 2v12

