
Summarize (1): E
level 000:  E: 9838.837052855302 (0.072262361896) [0 0 0 0 0 0 0 0 0 0 0 0 ] ZPE
level 001:  E: 10199.653509313908 (0.068920419655) [0 0 0 0 0 0 0 0 0 0 1 0 ] v11
level 002:  E: 10199.519377116892 (0.068336225390) [0 0 0 0 0 0 0 0 0 0 0 1 ] v12
level 003:  E: 10562.210963855812 (0.068720662700) [0 0 0 0 0 0 0 0 0 0 2 0 ] 2v11
level 004:  E: 10561.665144290468 (0.067291244293) [0 0 0 0 0 0 0 0 0 0 1 1 ] v11 + v12
level 005:  E: 10562.077087301466 (0.067797696954) [0 0 0 0 0 0 0 0 0 0 0 2 ] 2v12
level 006:  E: 10737.522578331302 (0.082509005678) [0 0 0 1 0 0 0 0 0 0 0 0 ] v4
level 007:  E: 10873.238351338767 (0.075369384461) [0 0 0 0 0 0 0 0 1 0 0 0 ] v9
level 008:  E: 10873.045703397809 (0.076805732295) [0 0 0 0 0 0 0 0 0 1 0 0 ] v10
level 009:  E: 10926.622160025163 (0.069641809966) [0 0 0 0 0 0 0 0 0 0 3 0 ] 3v11
level 010:  E: 10925.457521711140 (0.067116781210) [0 0 0 0 0 0 0 0 0 0 2 1 ] 2v11 + v12
level 011:  E: 10925.450009408869 (0.066694682482) [0 0 0 0 0 0 0 0 0 0 1 2 ] v11 + 2v12
level 012:  E: 10926.628971962651 (0.068337235767) [0 0 0 0 0 0 0 0 0 0 0 3 ] 3v12
level 013:  E: 11096.613395646717 (0.085870439062) [0 0 0 1 0 0 0 0 0 0 1 0 ] v4 + v11
level 014:  E: 11096.658499167159 (0.087286391869) [0 0 0 1 0 0 0 0 0 0 0 1 ] v4 + v12
level 015:  E: 11235.409520384352 (0.100679632305) [0 0 1 0 0 0 0 0 0 0 0 0 ] v3
level 016:  E: 11233.453088916489 (0.079411953305) [0 0 0 0 0 0 0 0 1 0 1 0 ] v9 + v11
level 017:  E: 11233.963877029562 (0.076937486567) [0 0 0 0 0 0 0 0 0 1 1 0 ] v10 + v11
level 018:  E: 11233.889526673118 (0.076738651112) [0 0 0 0 0 0 0 0 1 0 0 1 ] v9 + v12
level 019:  E: 11233.276911710953 (0.078550601407) [0 0 0 0 0 0 0 0 0 1 0 1 ] v10 + v12
level 020:  E: 11292.816875221926 (0.071651636421) [0 0 0 0 0 0 0 0 0 0 4 0 ] 4v11
level 021:  E: 11291.032714128378 (0.067946529577) [0 0 0 0 0 0 0 0 0 0 3 1 ] 3v11 + v12
level 022:  E: 11290.378294494592 (0.066968561163) [0 0 0 0 0 0 0 0 0 0 2 2 ] 2v11 + 2v12
level 023:  E: 11290.972841102637 (0.067631837864) [0 0 0 0 0 0 0 0 0 0 1 3 ] v11 + 3v12
level 024:  E: 11292.692720090361 (0.070058461766) [0 0 0 0 0 0 0 0 0 0 0 4 ] 4v12
level 025:  E: 11324.314960435137 (0.107608096997) [0 0 0 0 0 0 1 0 0 0 0 0 ] v7
level 026:  E: 11323.837684518770 (0.108042135627) [0 0 0 0 0 0 0 1 0 0 0 0 ] v8
level 027:  E: 11457.372597355408 (0.092134623319) [0 0 0 1 0 0 0 0 0 0 2 0 ] v4 + 2v11
level 028:  E: 11456.839553038362 (0.090509222006) [0 0 0 1 0 0 0 0 0 0 1 1 ] v4 + v11 + v12
level 029:  E: 11457.462891770281 (0.093573798540) [0 0 0 1 0 0 0 0 0 0 0 2 ] v4 + 2v12
level 030:  E: 11596.194873221262 (0.099857223415) [0 0 1 0 0 0 0 0 0 0 1 0 ] v3 + v11
level 031:  E: 11596.195396615842 (0.100808065090) [0 0 1 0 0 0 0 0 0 0 0 1 ] v3 + v12
level 032:  E: 11595.647559910716 (0.083659772846) [0 0 0 0 0 0 0 0 1 0 2 0 ] v9 + 2v11
level 033:  E: 11596.171559288277 (0.078686544180) [0 0 0 0 0 0 0 0 0 1 2 0 ] v10 + 2v11
level 034:  E: 11595.306711649348 (0.081253485759) [0 0 0 0 0 0 0 0 1 0 1 1 ] v9 + v11 + v12
level 035:  E: 11595.062776311650 (0.079156982601) [0 0 0 0 0 0 0 0 0 1 1 1 ] v10 + v11 + v12
level 036:  E: 11596.293408825139 (0.078866732044) [0 0 0 0 0 0 0 0 1 0 0 2 ] v9 + 2v12
level 037:  E: 11595.339065647820 (0.082039257288) [0 0 0 0 0 0 0 0 0 1 0 2 ] v10 + 2v12
level 038:  E: 11660.691434820239 (0.075357066463) [0 0 0 0 0 0 0 0 0 0 5 0 ] 5v11
level 039:  E: 11658.435215188812 (0.071670621558) [0 0 0 0 0 0 0 0 0 0 4 1 ] 4v11 + v12
level 040:  E: 11657.237193049272 (0.069512399260) [0 0 0 0 0 0 0 0 0 0 3 2 ] 3v11 + 2v12
level 041:  E: 11657.333437175017 (0.069269239859) [0 0 0 0 0 0 0 0 0 0 2 3 ] 2v11 + 3v12
level 042:  E: 11658.376065107002 (0.070889558691) [0 0 0 0 0 0 0 0 0 0 1 4 ] v11 + 4v12
level 043:  E: 11660.744936785299 (0.075066976467) [0 0 0 0 0 0 0 0 0 0 0 5 ] 5v12
level 044:  E: 11631.153756037414 (0.158934833838) [0 0 0 2 0 0 0 0 0 0 0 0 ] 2v4
level 045:  E: 11685.313367656132 (0.104342576814) [0 0 0 0 0 0 1 0 0 0 1 0 ] v7 + v11
level 046:  E: 11684.848442485152 (0.107318945247) [0 0 0 0 0 0 0 1 0 0 1 0 ] v8 + v11
level 047:  E: 11684.973032440577 (0.105190430829) [0 0 0 0 0 0 1 0 0 0 0 1 ] v7 + v12
level 048:  E: 11684.852819828864 (0.107825983555) [0 0 0 0 0 0 0 1 0 0 0 1 ] v8 + v12
level 049:  E: 11771.160152053790 (0.102623928686) [0 0 0 1 0 0 0 0 1 0 0 0 ] v4 + v9
level 050:  E: 11771.398683954863 (0.102895788920) [0 0 0 1 0 0 0 0 0 1 0 0 ] v4 + v10
level 051:  E: 11819.750783905602 (0.098455913432) [0 0 0 1 0 0 0 0 0 0 3 0 ] v4 + 3v11
level 052:  E: 11818.825951407764 (0.097244312887) [0 0 0 1 0 0 0 0 0 0 2 1 ] v4 + 2v11 + v12
level 053:  E: 11818.807955541562 (0.097315119244) [0 0 0 1 0 0 0 0 0 0 1 2 ] v4 + v11 + 2v12
level 054:  E: 11819.980223561937 (0.104673045618) [0 0 0 1 0 0 0 0 0 0 0 3 ] v4 + 3v12
level 055:  E: 11902.635758423619 (0.109568645643) [0 0 0 0 0 0 0 0 2 0 0 0 ] 2v9
level 056:  E: 11904.277774539012 (0.097620064664) [0 0 0 0 0 0 0 0 1 1 0 0 ] v9 + v10
level 057:  E: 11902.105513702234 (0.109699346573) [0 0 0 0 0 0 0 0 0 2 0 0 ] 2v10
level 058:  E: 11958.905287450798 (0.101349082368) [0 0 1 0 0 0 0 0 0 0 2 0 ] v3 + 2v11
level 059:  E: 11958.344833452380 (0.099367002205) [0 0 1 0 0 0 0 0 0 0 1 1 ] v3 + v11 + v12
level 060:  E: 11958.917671774674 (0.101508176483) [0 0 1 0 0 0 0 0 0 0 0 2 ] v3 + 2v12
level 061:  E: 11959.283655370651 (0.092601822713) [0 0 0 0 0 0 0 0 1 0 3 0 ] v9 + 3v11
level 062:  E: 11960.383391967074 (0.082870266414) [0 0 0 0 0 0 0 0 0 1 3 0 ] v10 + 3v11
level 063:  E: 11958.520809632662 (0.087018457360) [0 0 0 0 0 0 0 0 1 0 2 1 ] v9 + 2v11 + v12
level 064:  E: 11958.896622691815 (0.082725652201) [0 0 0 0 0 0 0 0 0 1 2 1 ] v10 + 2v11 + v12
level 065:  E: 11959.020552818056 (0.082998561059) [0 0 0 0 0 0 0 0 1 0 1 2 ] v9 + v11 + 2v12
level 066:  E: 11958.419818901510 (0.083911824518) [0 0 0 0 0 0 0 0 0 1 1 2 ] v10 + v11 + 2v12
level 067:  E: 11960.485582335137 (0.083371305586) [0 0 0 0 0 0 0 0 1 0 0 3 ] v9 + 3v12
level 068:  E: 11959.208571513847 (0.087148930167) [0 0 0 0 0 0 0 0 0 1 0 3 ] v10 + 3v12
level 069:  E: 12030.552171337777 (0.081763719415) [0 0 0 0 0 0 0 0 0 0 6 0 ] 6v11
level 070:  E: 12027.543964771849 (0.076635243330) [0 0 0 0 0 0 0 0 0 0 5 1 ] 5v11 + v12
level 071:  E: 12025.884255080655 (0.073415676888) [0 0 0 0 0 0 0 0 0 0 4 2 ] 4v11 + 2v12
level 072:  E: 12025.366972743888 (0.072416147830) [0 0 0 0 0 0 0 0 0 0 3 3 ] 3v11 + 3v12
level 073:  E: 12025.903638053269 (0.073927070294) [0 0 0 0 0 0 0 0 0 0 2 4 ] 2v11 + 4v12
level 074:  E: 12027.600174677840 (0.076710345749) [0 0 0 0 0 0 0 0 0 0 1 5 ] v11 + 5v12
level 075:  E: 12030.505176283819 (0.082529228711) [0 0 0 0 0 0 0 0 0 0 0 6 ] 6v12
level 076:  E: 11988.368997030699 (0.170615427928) [0 0 0 2 0 0 0 0 0 0 1 0 ] 2v4 + v11
level 077:  E: 11988.016462365862 (0.174121967997) [0 0 0 2 0 0 0 0 0 0 0 1 ] 2v4 + v12
level 078:  E: 12048.214397907674 (0.104662650261) [0 0 0 0 0 0 1 0 0 0 2 0 ] v7 + 2v11
level 079:  E: 12047.324941405226 (0.108111312189) [0 0 0 0 0 0 0 1 0 0 2 0 ] v8 + 2v11
level 080:  E: 12047.387303613867 (0.104371943671) [0 0 0 0 0 0 1 0 0 0 1 1 ] v7 + v11 + v12
level 081:  E: 12046.929709381800 (0.108050111238) [0 0 0 0 0 0 0 1 0 0 1 1 ] v8 + v11 + v12
level 082:  E: 12047.855607849086 (0.104416865778) [0 0 0 0 0 0 1 0 0 0 0 2 ] v7 + 2v12
level 083:  E: 12047.601746243143 (0.108807253075) [0 0 0 0 0 0 0 1 0 0 0 2 ] v8 + 2v12

